	id	|									cifar10								|									cifar100							|
		|				lenet					|					cnn			|				lenet				|					cnn				|
		|		upsilon		|		b			|		upsilon		|		b		|		upsilon		|		b		|		upsilon		|		b			|
	0	|		0.9308		|		2.9618e-05		|		0.9994		|		0.0177		|		0.9588		|		1.1111e-06	|		0.9226		|		2.5059e-05		|
	1	|		0.9454		|		2.5187e-07		|		0.9999		|		7.4277e-06	|		0.9861		|		4.2723e-05	|		0.9597		|		4.2735e-05		|
	2	|		0.9508		|		7.7537e-06		|		0.9998		|		7.7083e-05	|		0.9873		|		1.6832e-05	|		0.9287		|		1.6004e-05		|
	3	|		0.9391		|		1.2146e-07		|		0.9999		|		0.0062		|		0.9959		|		2.4149e-06	|		0.9717		|		1.7466e-06		|
	4	|		0.9526		|		4.1751e-06		|		0.9997		|		0.0002		|		0.9834		|		3.3260e-07	|		0.9549		|		7.0274e-08		|
	5	|		0.9332		|		8.7779e-06		|		0.9997		|		0.0006		|		0.9801		|		2.1915e-05	|		0.9261		|		1.6398e-05		|
	6	|		0.9231		|		2.1827e-05		|		0.9998		|		0.0259		|		0.9872		|		8.1468e-06	|		0.9431		|		4.5112e-06		|
	7	|		0.9097		|		7.5888e-06		|		0.9995		|		0.0053		|		0.9627		|		1.9662e-07	|		0.9152		|		2.5615e-06		|
	8	|		0.9153		|		4.6101e-06		|		0.9995		|		0.0010		|		0.9580		|		1.1380e-05	|		0.9161		|		2.1136e-05		|
	9	|		0.9380		|		7.0034e-05		|		0.9997		|		0.0531		|		0.9755		|		7.1974e-05	|		0.9320		|		1.2450e-05		|
	10	|		0.9222		|		3.3938e-05		|		0.9997		|		0.0215		|		0.9846		|		2.8188e-05	|		0.9473		|		3.1918e-05		|
	11	|		0.9746		|		4.3952e-05		|		0.9999		|		0.0339		|		0.9852		|		2.4545e-05	|		0.9482		|		2.5656e-05		|
	12	|		0.9219		|		6.2555e-05		|		0.9997		|		0.0523		|		0.9772		|		3.7449e-05	|		0.9431		|		4.3892e-05		|
	13	|		0.9281		|		8.6006e-05		|		0.9997		|		0.0650		|		0.9773		|		5.1198e-05	|		0.9417		|		5.0547e-05		|
	14	|		0.9067		|		1.0821e-05		|		0.9996		|		0.0012		|		0.9837		|		3.2570e-06	|		0.9614		|		2.9650e-06		|
	15	|		0.9287		|		3.3712e-05		|		0.9998		|		0.0330		|		0.9771		|		4.2074e-05	|		0.9501		|		4.4499e-05		|
	16	|		0.9303		|		3.1982e-07		|		0.9998		|		0.0032		|		0.9761		|		9.1636e-07	|		0.9455		|		6.0678e-06		|
	17	|		0.9488		|		1.3649e-05		|		0.9997		|		0.0100		|		0.9693		|		4.7743e-06	|		0.9304		|		3.9713e-06		|
	18	|		0.9661		|		1.2742e-09		|		0.9998		|		0.0009		|		0.9870		|		3.1825e-06	|		0.9306		|		7.3829e-06		|
	19	|		0.9215		|		2.7714e-06		|		0.9995		|		0.0024		|		0.9864		|		2.9782e-05	|		0.9786		|		3.1224e-05		|
	20	|		0.9340		|		2.1999e-06		|		0.9998		|		2.5346e-05	|		0.9872		|		1.3603e-05	|		0.9510		|		1.3676e-05		|
	21	|		0.9565		|		3.1997e-05		|		0.9999		|		0.0326		|		0.9889		|		1.2831e-05	|		0.9457		|		7.7108e-06		|
	22	|		0.9405		|		3.0831e-05		|		0.9998		|		0.0309		|		0.9727		|		1.2747e-05	|		0.9220		|		1.4978e-05		|
	23	|		0.9125		|		2.1779e-05		|		0.9993		|		0.0176		|		0.9848		|		6.0332e-06	|		0.9538		|		1.9079e-07		|
	24	|		0.9398		|		5.1637e-05		|		0.9998		|		0.0672		|		0.9963		|		1.1783e-06	|		0.9776		|		1.1979e-06		|
	25	|		0.9172		|		1.5012e-05		|		0.9997		|		0.0056		|		0.9784		|		1.8335e-05	|		0.9456		|		1.9207e-05		|
	26	|		0.8920		|		3.1004e-06		|		0.9997		|		0.0002		|		0.9870		|		3.9917e-05	|		0.9814		|		5.8129e-05		|
	27	|		0.8904		|		1.9788e-05		|		0.9995		|		0.0145		|		0.9643		|		2.3717e-05	|		0.9261		|		2.6603e-05		|
	28	|		0.9167		|		9.8100e-06		|		1.0000		|		4.5990e-09	|		0.9933		|		1.8495e-05	|		0.9644		|		1.8496e-05		|
	29	|		0.9395		|		3.5730e-05		|		0.9997		|		0.0298		|		0.9599		|		3.1802e-05	|		0.8948		|		3.2951e-05		|
	30	|		0.9147		|		2.6586e-05		|		0.9996		|		0.0277		|		0.9825		|		1.9131e-06	|		0.9538		|		1.9676e-06		|
	31	|		0.9206		|		4.4129e-05		|		0.9998		|		0.0576		|		0.9887		|		6.7949e-05	|		0.9619		|		6.7042e-05		|
	32	|		0.9286		|		6.3366e-05		|		0.9999		|		0.0636		|		0.9708		|		5.8094e-05	|		0.9369		|		5.9214e-05		|
	33	|		0.9577		|		8.3525e-05		|		0.9998		|		0.0760		|		0.9865		|		1.5040e-05	|		0.9625		|		7.7267e-05		|
	34	|		0.8959		|		3.9921e-07		|		0.9995		|		0.0009		|		0.9750		|		1.0555e-05	|		0.9387		|		1.1012e-05		|
	35	|		0.9442		|		9.6455e-08		|		0.9996		|		0.0025		|		0.9837		|		9.4067e-06	|		0.9719		|		1.0012e-05		|
	36	|		0.9501		|		2.6655e-05		|		0.9996		|		0.0102		|		0.9733		|		1.2710e-05	|		0.9107		|		1.1426e-05		|
	37	|		0.9296		|		1.8575e-05		|		0.9998		|		0.0279		|		0.9728		|		9.5286e-06	|		0.9180		|		1.0693e-05		|
	38	|		0.9161		|		1.2269e-05		|		0.9996		|		0.0133		|		0.9885		|		2.4340e-05	|		0.9450		|		2.4243e-05		|
	39	|		0.9380		|		1.0685e-06		|		0.9998		|		0.0030		|		0.9781		|		3.6126e-06	|		0.9545		|		4.1341e-06		|
	40	|		0.9408		|		2.0720e-05		|		0.9997		|		0.0116		|		0.9871		|		5.3119e-05	|		0.9549		|		5.4170e-05		|
	41	|		0.9310		|		6.8241e-05		|		0.9999		|		0.0689		|		0.9891		|		2.5953e-05	|		0.9446		|		2.3268e-05		|
	42	|		0.9636		|		1.0792e-06		|		0.9999		|		0.0026		|		0.9912		|		7.7240e-06	|		0.9475		|		7.6887e-06		|
	43	|		0.9432		|		3.7046e-05		|		0.9997		|		0.0196		|		0.9826		|		2.7083e-05	|		0.9309		|		2.1481e-05		|
	44	|		0.9301		|		1.9380e-05		|		0.9998		|		0.0163		|		0.9917		|		1.7448e-08	|		0.9871		|		1.1583e-06		|
	45	|		0.9572		|		8.9293e-05		|		0.9997		|		0.0851		|		0.9894		|		4.2318e-05	|		0.9543		|		5.5091e-05		|
	46	|		0.9306		|		1.1377e-05		|		0.9998		|		0.0174		|		0.9894		|		2.5725e-05	|		0.9538		|		4.1785e-05		|
	47	|		0.9420		|		4.4858e-06		|		0.9999		|		0.0021		|		0.9989		|		1.0251e-05	|		0.9702		|		1.0206e-05		|
	48	|		0.9584		|		2.3028e-05		|		0.9997		|		0.0133		|		0.9756		|		1.5519e-05	|		0.9443		|		1.7837e-05		|
	49	|		0.9359		|		5.2154e-06		|		0.9996		|		0.0069		|		0.9519		|		2.0009e-08	|		0.9081		|		5.2522e-06		|
	50	|		0.9417		|		1.9730e-05		|		0.9999		|		0.0195		|		0.9827		|		1.3134e-05	|		0.9421		|		1.9194e-05		|
	51	|		0.9212		|		2.7347e-06		|		0.9998		|		0.0004		|		0.9944		|		2.7231e-06	|		0.9464		|		1.3277e-10		|
	52	|		0.9570		|		6.5473e-05		|		0.9997		|		0.0458		|		0.9917		|		8.3912e-06	|		0.9562		|		8.5643e-06		|
	53	|		0.9157		|		3.5589e-07		|		1.0000		|		1.8976e-08	|		0.9938		|		7.1372e-09	|		0.9462		|		4.4945e-10		|
	54	|		0.9486		|		4.6042e-05		|		0.9998		|		0.0423		|		0.9910		|		2.3119e-05	|		0.9611		|		2.4087e-05		|
	55	|		0.9671		|		3.9453e-05		|		0.9998		|		0.0278		|		0.9875		|		3.1655e-05	|		0.9715		|		2.6419e-05		|
	56	|		0.9593		|		2.7644e-05		|		0.9998		|		0.0148		|		0.9964		|		1.9127e-09	|		0.9662		|		3.6366e-06		|
	57	|		0.9412		|		5.7587e-07		|		0.9996		|		0.0057		|		0.9696		|		1.7743e-05	|		0.8955		|		1.4196e-05		|
	58	|		0.9143		|		1.2396e-05		|		0.9997		|		0.0253		|		0.9777		|		1.7439e-05	|		0.9563		|		1.9504e-05		|
	59	|		0.9502		|		2.2165e-05		|		0.9996		|		0.0267		|		0.9753		|		7.1970e-08	|		0.9321		|		2.4773e-07		|
	60	|		0.9489		|		2.4459e-06		|		1.0000		|		4.7735e-06	|		0.9956		|		4.7754e-09	|		0.9535		|		1.4737e-06		|
	61	|		0.9557		|		7.6995e-05		|		0.9998		|		0.0752		|		0.9896		|		5.2851e-05	|		0.9464		|		5.3326e-05		|
	62	|		0.9468		|		8.2160e-05		|		0.9999		|		0.0818		|		0.9719		|		1.6074e-05	|		0.9521		|		2.1574e-05		|
	63	|		0.9327		|		6.9112e-07		|		0.9997		|		0.0039		|		0.9685		|		7.4664e-06	|		0.9512		|		7.5771e-06		|
	64	|		0.9488		|		5.0984e-07		|		0.9996		|		0.0045		|		0.9853		|		9.9209e-07	|		0.9388		|		2.6505e-07		|
	65	|		0.9347		|		4.0035e-05		|		0.9999		|		0.0379		|		0.9878		|		4.1394e-05	|		0.9300		|		3.8392e-05		|
	66	|		0.9560		|		8.0972e-05		|		0.9999		|		0.0810		|		0.9833		|		7.9013e-05	|		0.9464		|		8.0348e-05		|
	67	|		0.9405		|		7.3805e-06		|		0.9998		|		0.0129		|		0.9767		|		1.5077e-05	|		0.9120		|		9.6555e-06		|
	68	|		0.9446		|		1.3082e-05		|		0.9998		|		0.0141		|		0.9943		|		5.4576e-06	|		0.9633		|		5.0925e-06		|
	69	|		0.9149		|		1.1680e-06		|		0.9997		|		0.0098		|		0.9799		|		3.5831e-05	|		0.9193		|		2.8007e-05		|
	70	|		0.9320		|		2.1408e-06		|		0.9998		|		0.0005		|		0.9907		|		3.3019e-07	|		0.9693		|		2.1576e-11		|
	71	|		0.9505		|		1.9985e-06		|		1.0000		|		6.9752e-13	|		0.9967		|		7.2598e-06	|		0.9760		|		7.2645e-06		|
	72	|		0.9363		|		2.9801e-05		|		0.9998		|		0.0281		|		0.9951		|		2.2649e-10	|		0.9725		|		2.2392e-06		|
	73	|		0.9457		|		1.6084e-05		|		0.9998		|		0.0079		|		0.9921		|		1.4275e-08	|		0.9787		|		1.6081e-06		|
	74	|		0.9488		|		1.7940e-05		|		0.9998		|		0.0217		|		0.9798		|		1.9623e-05	|		0.9437		|		1.9347e-05		|
	75	|		0.9314		|		2.1573e-05		|		0.9996		|		0.0291		|		0.9720		|		2.0640e-05	|		0.9324		|		2.0643e-05		|
	76	|		0.9289		|		2.7641e-06		|		0.9998		|		0.0018		|		0.9914		|		7.4934e-08	|		0.9144		|		3.0706e-06		|
	77	|		0.9573		|		4.9037e-06		|		0.9999		|		0.0034		|		0.9815		|		6.3177e-09	|		0.9387		|		4.7513e-08		|
	78	|		0.9557		|		4.9448e-05		|		0.9998		|		0.0473		|		0.9934		|		1.3545e-05	|		0.9316		|		1.2348e-05		|
	79	|		0.9150		|		6.5903e-05		|		0.9999		|		0.0698		|		0.9922		|		2.4489e-05	|		0.9548		|		2.6240e-05		|
	80	|		0.9160		|		8.0919e-05		|		0.9999		|		0.0835		|		0.9837		|		1.5351e-05	|		0.9556		|		1.6456e-05		|
	81	|		0.9192		|		4.9191e-07		|		0.9998		|		0.0014		|		0.9756		|		6.7388e-09	|		0.9249		|		5.8471e-06		|
	82	|		0.9427		|		3.3030e-05		|		0.9996		|		0.0007		|		0.9870		|		2.9362e-05	|		0.9518		|		2.9370e-05		|
	83	|		0.9090		|		2.5311e-05		|		0.9998		|		0.0238		|		0.9857		|		1.7002e-05	|		0.9392		|		1.6339e-05		|
	84	|		0.9586		|		2.6332e-05		|		0.9997		|		0.0008		|		0.9794		|		1.2037e-05	|		0.9410		|		1.0020e-07		|
	85	|		0.9686		|		9.9839e-06		|		0.9997		|		0.0013		|		0.9945		|		2.3193e-06	|		0.9649		|		2.2471e-07		|
	86	|		0.9610		|		1.2538e-05		|		0.9999		|		0.0120		|		0.9922		|		7.4014e-06	|		0.9634		|		5.8385e-06		|
	87	|		0.8981		|		4.3108e-07		|		0.9996		|		0.0006		|		0.9955		|		1.8166e-05	|		0.9826		|		1.8076e-05		|
	88	|		0.9178		|		9.9766e-06		|		0.9996		|		0.0139		|		0.9957		|		5.8037e-06	|		0.9816		|		3.9111e-06		|
	89	|		0.9458		|		1.2180e-05		|		0.9995		|		0.0129		|		0.9858		|		2.5807e-05	|		0.9549		|		1.7906e-05		|
	90	|		0.9305		|		4.0873e-05		|		0.9997		|		0.0332		|		0.9834		|		3.8676e-05	|		0.9595		|		4.0256e-05		|
	91	|		0.9458		|		6.8010e-05		|		0.9996		|		0.0601		|		0.9686		|		6.4044e-05	|		0.9252		|		6.2024e-05		|
	92	|		0.9483		|		4.8991e-05		|		0.9999		|		0.0431		|		0.9920		|		1.4044e-05	|		0.9698		|		1.0979e-05		|
	93	|		0.9414		|		3.1484e-05		|		0.9998		|		0.0324		|		0.9784		|		7.1023e-06	|		0.9507		|		8.7112e-06		|
	94	|		0.9141		|		1.0078e-05		|		0.9998		|		0.0149		|		0.9847		|		1.4409e-05	|		0.9197		|		1.2716e-05		|
	95	|		0.9541		|		2.7848e-05		|		0.9998		|		0.0266		|		0.9715		|		1.4029e-05	|		0.9380		|		1.6569e-05		|
	96	|		0.9339		|		5.6082e-05		|		0.9997		|		0.0724		|		0.9838		|		1.1690e-05	|		0.9499		|		6.5428e-06		|
	97	|		0.9399		|		5.6119e-05		|		0.9997		|		0.0521		|		0.9772		|		5.3891e-06	|		0.9731		|		2.8893e-06		|
	98	|		0.9603		|		3.3924e-05		|		0.9999		|		0.0347		|		0.9904		|		1.2759e-05	|		0.9695		|		1.2522e-05		|
	99	|		0.9438		|		6.7689e-06		|		0.9998		|		0.0007		|		0.9809		|		3.4798e-05	|		0.9804		|		3.4724e-05		|
