	id	|									cifar10								|									cifar100							|
		|				lenet					|					cnn			|				lenet				|					cnn				|
		|		upsilon		|		b			|		upsilon		|		b		|		upsilon		|		b		|		upsilon		|		b			|
	0	|		0.9994		|		6.0202e-06		|		0.9370		|		0.0019		|		0.9775		|		0.0061		|		0.9909		|		2.9641e-06		|
	1	|		0.9998		|		3.5917e-09		|		0.9827		|		5.6383e-08	|		0.9888		|		0.0234		|		0.9909		|		3.7881e-05		|
	2	|		0.9999		|		9.1417e-06		|		0.9902		|		0.0006		|		0.9959		|		0.0123		|		0.9964		|		1.6720e-05		|
	3	|		0.9999		|		2.1444e-06		|		0.9813		|		0.0002		|		0.9993		|		0.0014		|		0.9948		|		1.4857e-06		|
	4	|		0.9998		|		3.5227e-06		|		0.9811		|		0.0004		|		0.9988		|		0.0071		|		0.9948		|		5.6233e-07		|
	5	|		0.9997		|		6.6487e-06		|		0.9688		|		0.0006		|		0.9929		|		0.0216		|		0.9928		|		2.3378e-05		|
	6	|		0.9999		|		3.1001e-05		|		0.9946		|		0.0031		|		0.9988		|		0.0020		|		0.9958		|		1.2549e-05		|
	7	|		0.9994		|		1.0909e-05		|		0.9543		|		0.0010		|		0.9920		|		0.0020		|		0.9914		|		2.4183e-06		|
	8	|		0.9995		|		1.4789e-06		|		0.9512		|		0.0001		|		0.9869		|		0.0065		|		0.9899		|		1.3957e-05		|
	9	|		0.9999		|		8.4112e-06		|		0.9792		|		0.0070		|		0.9864		|		0.0620		|		0.9922		|		7.1252e-05		|
	10	|		0.9998		|		3.4319e-05		|		0.9834		|		0.0034		|		0.9955		|		0.0300		|		0.9942		|		3.4522e-05		|
	11	|		0.9997		|		3.6876e-05		|		0.9701		|		0.0036		|		0.9981		|		0.0241		|		0.9915		|		2.5104e-05		|
	12	|		0.9997		|		1.1603e-05		|		0.9748		|		0.0062		|		0.9974		|		0.0289		|		0.9947		|		4.2271e-05		|
	13	|		0.9998		|		8.6002e-05		|		0.9724		|		0.0086		|		0.9856		|		0.0334		|		0.9948		|		4.9703e-05		|
	14	|		0.9996		|		2.3426e-06		|		0.9534		|		0.0002		|		0.9961		|		0.0031		|		0.9957		|		2.9787e-06		|
	15	|		0.9998		|		3.3778e-05		|		0.9819		|		0.0034		|		0.9938		|		0.0417		|		0.9939		|		4.6009e-05		|
	16	|		0.9996		|		1.2443e-06		|		0.9645		|		0.0001		|		0.9972		|		0.0007		|		0.9926		|		7.0988e-07		|
	17	|		0.9996		|		3.5923e-05		|		0.9610		|		0.0009		|		0.9914		|		0.0107		|		0.9921		|		2.3373e-06		|
	18	|		0.9999		|		1.3341e-08		|		0.9953		|		1.3310e-06	|		1.0000		|		7.2274e-06	|		0.9951		|		7.9389e-09		|
	19	|		0.9997		|		4.4629e-06		|		0.9664		|		0.0004		|		0.9948		|		0.0116		|		0.9952		|		3.1520e-05		|
	20	|		1.0000		|		6.5860e-26		|		0.9916		|		4.7731e-07	|		0.9981		|		0.0019		|		0.9919		|		1.0113e-05		|
	21	|		0.9999		|		3.2624e-05		|		0.9907		|		0.0031		|		0.9984		|		0.0093		|		0.9955		|		1.1643e-05		|
	22	|		0.9995		|		1.9864e-05		|		0.9607		|		0.0020		|		0.9916		|		0.0111		|		0.9911		|		9.6565e-06		|
	23	|		0.9996		|		1.9744e-05		|		0.9661		|		0.0020		|		0.9962		|		0.0012		|		0.9941		|		1.0252e-06		|
	24	|		0.9997		|		6.3853e-05		|		0.9752		|		0.0064		|		0.9997		|		0.0006		|		0.9957		|		1.2798e-06		|
	25	|		0.9996		|		1.1824e-05		|		0.9645		|		0.0011		|		0.9963		|		0.0145		|		0.9953		|		2.0709e-05		|
	26	|		0.9995		|		7.4490e-05		|		0.9576		|		3.9242e-05	|		0.9947		|		0.0240		|		0.9929		|		3.2560e-05		|
	27	|		0.9995		|		1.6072e-05		|		0.9483		|		0.0015		|		0.9797		|		0.0003		|		0.9923		|		2.3195e-05		|
	28	|		0.9999		|		1.3252e-07		|		0.9892		|		8.0602e-06	|		0.9973		|		0.0160		|		0.9953		|		7.6050e-05		|
	29	|		0.9998		|		3.6613e-05		|		0.9786		|		0.0037		|		0.9848		|		0.0366		|		0.9954		|		5.7535e-05		|
	30	|		0.9995		|		2.8376e-05		|		0.9517		|		0.0028		|		0.9972		|		0.0021		|		0.9936		|		1.1163e-06		|
	31	|		0.9997		|		5.7672e-05		|		0.9783		|		0.0058		|		0.9924		|		0.0637		|		0.9950		|		6.7718e-05		|
	32	|		0.9998		|		5.8832e-05		|		0.9787		|		0.0059		|		0.9863		|		0.0521		|		0.9927		|		5.7735e-05		|
	33	|		0.9998		|		1.1511e-05		|		0.9804		|		0.0080		|		0.9998		|		0.0022		|		0.9941		|		1.7550e-05		|
	34	|		0.9996		|		9.2931e-07		|		0.9574		|		3.4410e-05	|		0.9953		|		0.0092		|		0.9944		|		1.1055e-05		|
	35	|		0.9996		|		9.6891e-08		|		0.9619		|		6.5621e-05	|		0.9946		|		0.0085		|		0.9944		|		3.5491e-05		|
	36	|		0.9997		|		2.5589e-05		|		0.9729		|		0.0024		|		0.9927		|		0.0132		|		0.9937		|		1.3063e-05		|
	37	|		0.9998		|		2.9182e-05		|		0.9748		|		0.0029		|		0.9936		|		0.0085		|		0.9920		|		9.5145e-06		|
	38	|		0.9996		|		1.4423e-05		|		0.9681		|		0.0016		|		0.9939		|		0.0219		|		0.9931		|		2.2535e-05		|
	39	|		0.9995		|		5.9665e-08		|		0.9601		|		1.5058e-05	|		0.9913		|		0.0035		|		0.9914		|		2.0684e-06		|
	40	|		0.9997		|		2.1616e-05		|		0.9710		|		0.0021		|		0.9945		|		0.0426		|		0.9942		|		5.1969e-05		|
	41	|		0.9999		|		6.8932e-05		|		0.9892		|		0.0069		|		0.9988		|		0.0244		|		0.9971		|		2.6205e-05		|
	42	|		0.9999		|		1.0913e-06		|		0.9871		|		6.2553e-05	|		0.9988		|		0.0063		|		0.9936		|		7.6939e-06		|
	43	|		0.9998		|		3.6420e-05		|		0.9831		|		0.0036		|		0.9946		|		0.0268		|		0.9938		|		2.6963e-05		|
	44	|		0.9994		|		2.6689e-08		|		0.9430		|		9.8409e-06	|		0.9999		|		0.0004		|		0.9964		|		5.5714e-07		|
	45	|		0.9997		|		4.0528e-06		|		0.9731		|		0.0084		|		0.9973		|		0.0253		|		0.9941		|		4.0165e-05		|
	46	|		0.9997		|		2.0011e-05		|		0.9800		|		0.0020		|		0.9982		|		0.0151		|		0.9929		|		2.8110e-05		|
	47	|		0.9997		|		7.2048e-06		|		0.9760		|		0.0005		|		0.9997		|		0.0102		|		0.9965		|		1.0261e-05		|
	48	|		0.9997		|		2.1074e-05		|		0.9718		|		0.0020		|		0.9942		|		0.0193		|		0.9921		|		1.8065e-05		|
	49	|		0.9996		|		1.0995e-07		|		0.9646		|		6.4406e-05	|		0.9904		|		0.0045		|		0.9923		|		1.0371e-06		|
	50	|		1.0000		|		1.9534e-05		|		0.9944		|		0.0020		|		0.9966		|		0.0192		|		0.9956		|		1.9586e-05		|
	51	|		0.9999		|		5.3709e-09		|		0.9928		|		2.0338e-07	|		1.0000		|		4.2242e-06	|		0.9933		|		3.9850e-09		|
	52	|		0.9999		|		6.6533e-05		|		0.9875		|		0.0066		|		0.9974		|		0.0086		|		0.9936		|		8.9495e-06		|
	53	|		1.0000		|		3.4191e-15		|		0.9994		|		2.3055e-13	|		0.9995		|		0.0046		|		0.9958		|		4.5696e-06		|
	54	|		0.9998		|		4.5024e-05		|		0.9795		|		0.0044		|		0.9974		|		0.0225		|		0.9953		|		2.3587e-05		|
	55	|		0.9997		|		2.9534e-05		|		0.9771		|		0.0029		|		0.9972		|		0.0267		|		0.9929		|		2.8184e-05		|
	56	|		0.9997		|		2.0565e-05		|		0.9764		|		0.0020		|		1.0000		|		7.3263e-07	|		0.9976		|		2.1514e-32		|
	57	|		0.9996		|		5.6452e-06		|		0.9650		|		0.0005		|		0.9809		|		0.0153		|		0.9932		|		1.4409e-05		|
	58	|		0.9997		|		2.2607e-05		|		0.9690		|		0.0023		|		0.9954		|		0.0151		|		0.9948		|		2.1225e-05		|
	59	|		0.9996		|		2.0911e-05		|		0.9651		|		0.0022		|		0.9946		|		0.0095		|		0.9963		|		1.0949e-06		|
	60	|		1.0000		|		2.3966e-13		|		0.9978		|		5.8856e-12	|		1.		|		7.7731e-16	|		0.9975		|		1.3178e-09		|
	61	|		0.9997		|		7.8801e-05		|		0.9811		|		0.0080		|		0.9937		|		0.0520		|		0.9942		|		5.2596e-05		|
	62	|		0.9999		|		8.2372e-05		|		0.9893		|		0.0082		|		0.9969		|		0.0212		|		0.9944		|		7.1081e-05		|
	63	|		0.9998		|		3.2298e-07		|		0.9804		|		6.5613e-05	|		0.9884		|		0.0073		|		0.9929		|		4.3689e-06		|
	64	|		0.9997		|		3.7489e-06		|		0.9757		|		0.0004		|		0.9973		|		0.0029		|		0.9938		|		3.2281e-06		|
	65	|		0.9999		|		3.8780e-05		|		0.9898		|		0.0037		|		0.9952		|		0.0423		|		0.9947		|		4.2550e-05		|
	66	|		0.9998		|		7.4650e-05		|		0.9818		|		0.0075		|		0.9914		|		0.0760		|		0.9948		|		7.7785e-05		|
	67	|		0.9997		|		1.3533e-05		|		0.9777		|		0.0013		|		0.9971		|		0.0126		|		0.9956		|		1.3788e-05		|
	68	|		0.9998		|		1.4622e-05		|		0.9780		|		0.0015		|		0.9991		|		0.0053		|		0.9943		|		5.2577e-06		|
	69	|		0.9997		|		9.3398e-06		|		0.9652		|		0.0009		|		0.9892		|		0.0324		|		0.9972		|		3.5084e-05		|
	70	|		0.9999		|		1.3813e-06		|		0.9864		|		0.0001		|		0.9999		|		0.0003		|		0.9960		|		2.7021e-07		|
	71	|		1.0000		|		1.6353e-06		|		1.0000		|		4.5089e-05	|		1.		|		0.0072		|		0.9964		|		7.0757e-06		|
	72	|		0.9998		|		2.9624e-05		|		0.9817		|		0.0029		|		0.9999		|		0.0003		|		0.9948		|		3.6784e-07		|
	73	|		0.9997		|		1.4188e-05		|		0.9769		|		0.0014		|		0.9993		|		7.7117e-05	|		0.9948		|		2.1201e-07		|
	74	|		0.9997		|		2.4592e-05		|		0.9730		|		0.0024		|		0.9950		|		0.0179		|		0.9943		|		1.9742e-05		|
	75	|		0.9996		|		2.3358e-05		|		0.9590		|		0.0022		|		0.9799		|		0.0063		|		0.9932		|		1.7527e-05		|
	76	|		0.9999		|		1.6765e-08		|		0.9920		|		1.6794e-06	|		1.0000		|		1.6786e-05	|		0.9936		|		1.6783e-08		|
	77	|		0.9997		|		6.7214e-07		|		0.9826		|		7.8459e-05	|		0.9994		|		0.0016		|		0.9925		|		1.6329e-06		|
	78	|		0.9998		|		4.9419e-05		|		0.9808		|		0.0049		|		0.9985		|		0.0042		|		0.9932		|		1.3481e-05		|
	79	|		0.9997		|		6.9719e-05		|		0.9764		|		0.0070		|		0.9983		|		0.0262		|		0.9924		|		2.6392e-05		|
	80	|		0.9999		|		8.3535e-05		|		0.9899		|		0.0083		|		0.9969		|		0.0147		|		0.9972		|		1.6951e-05		|
	81	|		0.9996		|		7.1503e-08		|		0.9783		|		1.2317e-05	|		0.9989		|		2.7738e-05	|		0.9898		|		6.6158e-07		|
	82	|		0.9995		|		2.8886e-05		|		0.9581		|		0.0027		|		0.9887		|		0.0023		|		0.9917		|		4.6628e-05		|
	83	|		0.9998		|		2.8046e-05		|		0.9811		|		0.0028		|		0.9912		|		0.0042		|		0.9946		|		1.4953e-05		|
	84	|		0.9995		|		2.8278e-06		|		0.9658		|		0.0021		|		0.9833		|		0.0062		|		0.9945		|		9.4143e-06		|
	85	|		0.9998		|		4.6624e-06		|		0.9831		|		0.0005		|		0.9998		|		0.0013		|		0.9964		|		4.6967e-07		|
	86	|		0.9996		|		2.3977e-06		|		0.9696		|		0.0002		|		0.9988		|		0.0002		|		0.9914		|		3.8773e-07		|
	87	|		0.9995		|		1.7867e-06		|		0.9503		|		0.0002		|		0.9975		|		0.0130		|		0.9933		|		1.4023e-05		|
	88	|		0.9996		|		1.2953e-05		|		0.9661		|		0.0013		|		0.9991		|		0.0035		|		0.9940		|		5.0359e-06		|
	89	|		0.9997		|		1.2585e-05		|		0.9729		|		0.0012		|		0.9934		|		0.0225		|		0.9950		|		2.6935e-05		|
	90	|		0.9998		|		3.9149e-05		|		0.9811		|		0.0038		|		0.9920		|		0.0238		|		0.9958		|		3.7432e-05		|
	91	|		0.9997		|		6.8546e-05		|		0.9730		|		0.0069		|		0.9888		|		0.0685		|		0.9940		|		6.8564e-05		|
	92	|		0.9998		|		4.6653e-05		|		0.9827		|		0.0046		|		0.9973		|		0.0100		|		0.9941		|		1.1579e-05		|
	93	|		0.9998		|		3.5912e-05		|		0.9860		|		0.0036		|		0.9935		|		0.0172		|		0.9933		|		2.0017e-05		|
	94	|		0.9998		|		1.4143e-05		|		0.9830		|		0.0014		|		0.9957		|		0.0111		|		0.9942		|		5.1910e-05		|
	95	|		0.9998		|		2.6812e-05		|		0.9866		|		0.0028		|		0.9882		|		0.0098		|		0.9937		|		1.5919e-05		|
	96	|		0.9995		|		1.5011e-05		|		0.9536		|		0.0052		|		0.9854		|		0.0007		|		0.9952		|		4.4373e-05		|
	97	|		0.9999		|		5.6320e-05		|		0.9807		|		0.0056		|		0.9981		|		1.8918e-05	|		0.9956		|		9.2005e-05		|
	98	|		0.9998		|		2.8602e-05		|		0.9794		|		0.0028		|		0.9987		|		0.0079		|		0.9946		|		8.3362e-06		|
	99	|		0.9999		|		9.2168e-06		|		0.9793		|		0.0009		|		0.9965		|		0.0348		|		0.9966		|		3.4809e-05		|
